156 167 201 218 138 2 18 151 83 4 61 157 233 188 35 72 172 195 205 64 175 111 44 141 251 64 115 137 8 93 249 35 79 188 191 30 197 193 227 47 198 187 119 46 227 171 190 163 232 229
98 166 225 219 241 204 122 87 165 63 86 22 206 67 99 210 128 150 144 21 222 202 1 185 108 131 43 71 82 181 256 29 173 26 170 156 200 251 177 3 25 194 224 154 220 100 72 76 160 121
197 231 239 64 225 136 94 94 255 25 95 209 73 198 120 98 205 224 246 144 59 236 204 158 94 204 230 69 164 244 218 113 9 232 208 22 253 203 79 255 242 126 151 51 142 84 234 173 16 16
192 254 34 17 205 46 47 121 76 168 134 3 171 24 137 239 178 23 149 245 205 165 151 70 85 212 39 2 119 197 1 78 159 219 128 88 116 93 220 129 185 96 211 144 15 155 186 26 117 146
203 234 112 230 183 62 231 77 98 121 228 231 45 208 124 3 229 228 15 136 213 149 175 156 150 75 81 101 91 64 88 3 230 10 242 54 160 236 39 116 170 159 112 200 8 250 54 220 90 240
46 67 64 11 202 138 215 15 19 224 99 41 26 197 132 60 165 154 228 153 235 238 247 200 90 166 232 158 134 23 160 48 37 144 233 209 198 127 81 62 231 102 121 84 113 126 247 157 105 73
217 153 178 192 56 167 162 221 201 9 91 10 131 248 80 232 195 112 15 164 86 69 162 134 58 210 85 240 210 84 252 171 114 135 89 216 215 238 93 44 147 215 91 173 18 209 109 86 25 204
123 78 73 31 72 67 146 231 228 92 14 11 135 176 208 237 80 180 253 201 91 40 109 138 9 71 65 100 65 120 7 147 116 120 251 97 190 19 23 9 153 156 159 96 177 28 226 83 254 113
51 255 101 181 229 21 29 256 103 232 75 28 3 158 131 14 171 43 151 140 105 26 196 247 85 246 140 32 178 30 40 184 177 46 136 112 198 11 147 109 111 104 108 35 192 44 217 107 209 6
112 134 135 163 255 175 58 89 179 61 26 224 231 35 123 186 184 126 67 19 107 6 193 38 105 12 45 165 173 4 100 196 189 242 180 39 163 70 153 225 14 154 223 136 123 86 147 212 214 83
220 1 169 16 20 102 141 204 172 166 202 208 100 227 64 101 40 122 64 178 6 109 56 67 60 69 45 66 187 158 85 109 58 106 169 59 58 93 213 199 36 37 190 238 187 221 8 112 216 198
113 126 5 110 32 84 192 160 63 41 236 155 38 24 130 3 145 205 168 59 221 160 197 4 39 170 114 72 203 100 97 179 183 246 127 39 19 171 124 74 126 7 45 103 44 192 141 22 9 54
165 30 68 169 95 226 44 167 56 148 9 95 244 99 148 35 40 82 99 82 63 89 124 146 21 62 198 80 181 52 230 217 184 232 156 135 219 132 83 126 217 189 123 189 256 194 142 214 61 61
71 170 252 71 147 12 137 168 217 110 196 192 5 19 205 173 52 213 216 149 71 9 33 246 103 221 52 59 251 118 1 74 47 150 250 92 114 113 159 41 24 85 146 194 223 17 229 218 128 128
113 97 200 128 15 188 187 18 30 3 60 123 108 145 188 192 2 140 191 36 166 173 196 228 30 34 250 204 228 15 156 184 91 94 39 238 79 239 142 171 122 171 205 180 13 211 196 73 88 176
55 152 21 230 163 156 153 169 255 145 143 27 26 246 77 57 136 108 227 85 233 101 233 217 203 160 116 148 244 126 243 161 185 200 145 120 193 5 109 239 26 151 5 209 192 182 8 253 166 28
1 240 166 39 229 191 33 237 244 28 70 113 100 232 125 96 189 228 26 72 154 91 140 73 106 200 248 109 5 64 130 14 206 147 36 87 101 35 228 47 12 122 182 126 162 179 144 77 228 244
107 52 160 161 30 206 169 64 33 225 170 220 6 193 192 122 210 167 108 24 207 88 247 43 23 62 48 169 224 204 92 249 134 215 230 192 48 174 214 174 232 104 10 190 176 153 221 159 241 66
203 253 165 172 15 27 190 28 132 228 187 48 130 91 182 143 75 203 109 153 170 123 97 2 85 161 203 109 143 203 199 124 22 120 10 155 169 216 235 31 52 127 174 235 108 173 124 113 45 122
155 36 162 30 151 208 33 29 218 25 163 99 203 225 199 90 248 64 196 167 82 3 149 181 234 250 162 123 99 241 88 253 59 88 237 138 91 190 80 112 2 182 189 7 125 116 100 137 165 48
21 110 169 252 34 245 109 25 159 104 26 121 180 19 110 8 200 214 243 246 227 208 209 204 107 63 137 149 39 50 115 172 99 179 121 121 112 4 214 255 213 173 42 73 195 141 75 105 208 247
82 208 130 56 190 190 166 247 161 46 158 74 233 48 88 213 169 213 29 160 166 5 82 152 193 164 159 117 77 130 104 236 63 225 236 254 30 42 141 216 8 144 216 227 2 146 74 125 199 169
120 50 225 33 6 197 46 13 6 42 131 214 143 52 70 214 190 222 86 202 124 123 47 43 113 155 254 48 76 6 180 136 226 115 233 204 110 82 104 97 118 118 100 165 126 208 56 256 236 25
183 27 244 203 40 212 201 147 213 191 128 18 169 158 157 228 35 105 50 65 106 70 96 148 233 184 106 107 34 54 173 89 161 131 234 188 236 198 205 25 243 180 137 205 153 61 137 228 28 204
2 105 222 207 31 122 108 159 14 197 252 127 81 37 40 13 205 237 199 245 164 119 213 155 75 174 102 124 128 93 10 251 135 128 84 3 46 77 225 224 68 19 155 82 103 118 61 32 189 48
37 111 251 151 118 218 136 138 156 192 75 173 166 46 61 14 126 112 253 255 39 49 79 63 50 133 64 138 14 22 10 16 137 182 27 233 67 124 116 136 55 178 180 50 59 180 99 34 225 171
158 71 127 146 112 156 200 94 167 76 219 242 123 20 160 27 233 46 181 89 221 2 13 168 216 169 254 221 201 173 218 167 118 170 155 134 76 198 160 249 208 69 117 174 208 60 63 242 42 202
224 86 84 103 253 203 42 32 207 79 200 147 27 150 128 15 175 18 190 164 254 208 161 211 254 38 64 96 38 85 254 63 137 169 10 91 81 250 135 79 247 226 98 114 1 229 53 255 126 194
56 173 186 98 114 224 209 13 69 113 126 72 160 113 4 36 209 93 39 218 60 246 74 217 60 249 95 215 44 220 165 238 128 207 52 121 184 53 165 103 234 167 165 197 177 144 206 206 82 147
221 56 238 119 91 222 204 9 113 151 217 124 99 150 110 67 75 227 114 49 36 89 194 94 45 120 54 233 126 154 206 15 49 158 243 216 92 256 88 120 25 169 109 121 117 40 173 88 225 10
218 54 39 48 58 7 83 64 52 10 213 9 240 28 140 152 254 220 202 121 170 13 256 109 120 30 26 220 207 81 243 90 109 98 229 53 165 224 206 113 12 40 44 227 209 21 150 187 156 21
21 126 85 97 14 21 217 72 200 160 28 225 198 115 106 251 169 249 229 232 51 94 129 42 218 39 146 256 206 35 121 65 197 157 117 190 118 132 193 5 242 253 93 92 11 40 135 132 128 200
183 228 29 176 189 8 194 240 180 198 244 140 80 151 195 148 88 54 89 206 127 142 104 75 245 232 165 61 136 23 32 10 70 112 132 255 118 106 215 119 121 209 197 150 170 74 63 52 130 173
42 155 235 241 8 161 1 248 185 73 249 149 226 196 154 163 205 166 70 22 60 131 62 40 246 222 108 73 165 146 128 31 163 78 104 175 245 148 128 67 107 12 98 21 192 88 185 33 206 248
165 218 5 114 161 112 230 36 204 120 115 34 176 85 117 240 28 46 55 75 162 208 90 94 184 32 115 71 34 173 134 38 55 140 237 247 149 73 174 69 38 167 189 86 78 206 104 16 238 141
26 139 181 240 193 228 10 27 47 150 42 194 224 205 174 256 123 19 8 209 161 135 183 39 92 136 68 162 57 86 146 1 167 4 105 229 172 232 188 84 7 127 179 214 136 67 90 60 236 76
134 64 250 225 77 95 205 235 113 82 53 185 28 208 163 73 92 234 99 47 207 154 130 143 73 226 121 149 79 223 51 53 185 191 49 179 141 14 239 116 94 121 240 203 24 177 224 78 197 132
199 254 25 101 91 7 199 125 234 203 211 21 154 236 212 22 39 190 187 117 196 136 208 235 1 85 142 21 149 33 148 81 120 171 144 160 29 62 90 242 181 225 131 67 94 190 47 63 208 146
226 96 35 158 138 139 191 205 173 162 177 72 161 185 114 174 59 50 251 116 246 77 136 18 110 217 13 208 180 128 32 107 14 36 139 150 200 120 89 146 34 152 238 166 107 18 7 248 180 244
18 196 197 192 239 142 124 36 161 7 125 245 231 79 37 178 91 243 144 117 149 226 48 121 12 129 69 151 230 90 191 63 235 58 221 153 33 169 54 222 145 162 184 146 227 191 103 111 231 145
141 125 112 51 185 216 1 186 152 254 115 191 243 173 121 28 103 176 213 76 125 40 111 80 239 115 83 168 220 97 235 138 97 43 49 123 134 107 203 67 141 144 55 15 23 49 38 115 170 153
179 131 25 108 214 36 236 55 12 201 41 243 79 128 111 132 15 222 144 24 128 199 131 234 161 14 19 227 84 232 33 198 35 36 188 121 41 180 12 2 91 76 198 242 127 226 197 196 66 243
3 79 22 166 77 194 112 85 246 123 119 182 205 35 157 157 106 154 98 83 209 64 205 195 222 52 81 176 96 174 33 220 30 175 164 77 182 106 39 111 10 219 239 25 212 186 83 176 110 60
177 31 252 174 17 138 7 143 185 234 174 120 240 66 28 205 59 199 220 170 166 204 25 129 77 113 91 212 42 25 45 92 77 113 74 211 203 241 46 217 162 200 175 140 6 172 207 206 8 123
239 209 45 211 247 130 252 39 21 78 163 144 31 143 97 203 58 225 189 119 188 171 90 203 19 62 187 54 117 132 250 234 94 88 190 57 122 108 57 102 126 73 30 86 17 131 40 189 50 79
16 248 145 208 168 60 205 199 174 177 59 27 138 2 122 245 181 181 117 136 90 109 7 216 130 190 241 89 117 107 145 32 13 19 92 232 164 73 236 155 111 142 29 122 108 132 198 86 10 127
123 39 104 38 251 253 241 114 73 212 9 68 200 156 57 33 210 97 203 240 83 46 35 1 253 253 27 212 187 131 64 66 3 9 232 183 62 197 17 161 84 57 168 233 174 170 87 252 90 77
106 176 223 57 10 30 82 174 182 4 14 64 71 240 229 185 176 184 249 73 72 179 74 144 36 256 11 103 19 248 95 39 225 210 157 42 245 101 91 224 54 173 128 56 162 100 70 173 201 42
6 73 129 161 193 5 52 245 147 93 239 46 148 251 112 236 169 117 162 113 117 245 214 176 56 242 43 165 45 248 43 217 12 115 239 205 127 121 17 170 244 71 126 32 39 66 238 220 44 246
98 82 165 100 28 208 72 211 34 175 250 220 45 159 113 114 189 119 160 201 228 168 44 56 226 79 29 194 146 164 32 192 85 209 101 83 110 190 201 224 14 75 75 120 243 31 36 132 140 126
